1 -1 4 -1 6 -1 7 -1 10 -1 8 -1 9 -1 5 -1 3 -1 2 -1 14 -1 12 -1 11 -1 17 -1 16 -1 13 -1 20 -1 18 -1 26 -1 25 -1 22 -1 19 -1 21 -1 24 -1 23 -1 31 -1 27 -1 28 -1 -2
2 -1 7 -1 8 -1 10 -1 5 -1 6 -1 4 -1 1 -1 9 -1 3 -1 11 -1 13 -1 14 -1 16 -1 12 -1 17 -1 15 -1 18 -1 19 -1 22 -1 20 -1 25 -1 24 -1 23 -1 21 -1 26 -1 32 -1 30 -1 29 -1 31 -1 27 -1 28 -1 -2
7 -1 6 -1 10 -1 8 -1 2 -1 1 -1 3 -1 5 -1 9 -1 4 -1 13 -1 17 -1 12 -1 15 -1 16 -1 11 -1 14 -1 22 -1 26 -1 24 -1 21 -1 19 -1 20 -1 18 -1 25 -1 23 -1 29 -1 27 -1 30 -1 31 -1 28 -1 32 -1 -2
8 -1 6 -1 5 -1 3 -1 2 -1 4 -1 7 -1 1 -1 10 -1 11 -1 14 -1 13 -1 15 -1 17 -1 16 -1 12 -1 21 -1 25 -1 20 -1 24 -1 23 -1 18 -1 26 -1 22 -1 19 -1 30 -1 27 -1 32 -1 28 -1 29 -1 31 -1 -2
5 -1 9 -1 4 -1 6 -1 10 -1 3 -1 8 -1 1 -1 7 -1 2 -1 12 -1 13 -1 11 -1 15 -1 17 -1 16 -1 14 -1 18 -1 25 -1 21 -1 26 -1 23 -1 19 -1 24 -1 20 -1 22 -1 32 -1 28 -1 29 -1 31 -1 27 -1 30 -1 -2
3 -1 9 -1 6 -1 5 -1 4 -1 8 -1 2 -1 10 -1 7 -1 1 -1 17 -1 13 -1 16 -1 14 -1 11 -1 12 -1 15 -1 19 -1 26 -1 22 -1 25 -1 24 -1 23 -1 18 -1 21 -1 20 -1 30 -1 29 -1 28 -1 27 -1 32 -1 31 -1 -2
10 -1 9 -1 1 -1 3 -1 7 -1 4 -1 5 -1 6 -1 8 -1 2 -1 14 -1 15 -1 16 -1 17 -1 11 -1 12 -1 13 -1 20 -1 24 -1 22 -1 25 -1 19 -1 23 -1 26 -1 18 -1 21 -1 31 -1 28 -1 27 -1 32 -1 30 -1 29 -1 -2
6 -1 2 -1 8 -1 3 -1 10 -1 9 -1 4 -1 5 -1 7 -1 1 -1 15 -1 13 -1 12 -1 17 -1 14 -1 16 -1 11 -1 26 -1 19 -1 21 -1 25 -1 22 -1 24 -1 20 -1 23 -1 18 -1 31 -1 32 -1 27 -1 30 -1 29 -1 28 -1 -2
4 -1 7 -1 1 -1 3 -1 5 -1 8 -1 9 -1 6 -1 2 -1 10 -1 14 -1 17 -1 12 -1 11 -1 13 -1 16 -1 15 -1 21 -1 24 -1 23 -1 26 -1 18 -1 20 -1 19 -1 22 -1 25 -1 31 -1 32 -1 28 -1 27 -1 30 -1 29 -1 -2
2 -1 1 -1 7 -1 6 -1 9 -1 3 -1 4 -1 5 -1 10 -1 8 -1 16 -1 12 -1 14 -1 13 -1 11 -1 17 -1 15 -1 18 -1 23 -1 19 -1 21 -1 20 -1 22 -1 25 -1 26 -1 24 -1 32 -1 30 -1 27 -1 29 -1 28 -1 31 -1 -2
2 -1 9 -1 10 -1 5 -1 8 -1 7 -1 1 -1 4 -1 3 -1 6 -1 14 -1 11 -1 16 -1 15 -1 13 -1 12 -1 17 -1 19 -1 21 -1 20 -1 25 -1 23 -1 26 -1 22 -1 18 -1 24 -1 29 -1 27 -1 30 -1 31 -1 32 -1 28 -1 -2
7 -1 3 -1 1 -1 4 -1 8 -1 5 -1 6 -1 10 -1 2 -1 11 -1 13 -1 -2
9 -1 2 -1 8 -1 6 -1 4 -1 1 -1 10 -1 3 -1 5 -1 7 -1 15 -1 13 -1 11 -1 16 -1 17 -1 14 -1 12 -1 23 -1 20 -1 21 -1 22 -1 24 -1 26 -1 18 -1 19 -1 25 -1 29 -1 31 -1 30 -1 28 -1 27 -1 32 -1 -2
1 -1 7 -1 9 -1 10 -1 6 -1 5 -1 3 -1 8 -1 2 -1 4 -1 14 -1 12 -1 11 -1 17 -1 15 -1 16 -1 13 -1 18 -1 21 -1 26 -1 20 -1 23 -1 24 -1 22 -1 19 -1 25 -1 32 -1 28 -1 27 -1 31 -1 30 -1 -2
8 -1 7 -1 1 -1 6 -1 4 -1 9 -1 5 -1 10 -1 2 -1 3 -1 15 -1 12 -1 11 -1 14 -1 17 -1 16 -1 13 -1 22 -1 20 -1 24 -1 21 -1 19 -1 18 -1 26 -1 23 -1 25 -1 29 -1 27 -1 31 -1 32 -1 28 -1 30 -1 -2
3 -1 6 -1 5 -1 1 -1 9 -1 7 -1 8 -1 10 -1 4 -1 2 -1 11 -1 13 -1 12 -1 17 -1 14 -1 16 -1 15 -1 24 -1 23 -1 26 -1 25 -1 22 -1 18 -1 20 -1 19 -1 21 -1 31 -1 30 -1 28 -1 27 -1 32 -1 29 -1 -2
10 -1 8 -1 2 -1 5 -1 9 -1 7 -1 3 -1 1 -1 4 -1 6 -1 15 -1 11 -1 14 -1 13 -1 16 -1 12 -1 17 -1 21 -1 19 -1 22 -1 24 -1 20 -1 23 -1 26 -1 18 -1 25 -1 30 -1 27 -1 31 -1 29 -1 32 -1 28 -1 -2
5 -1 8 -1 6 -1 1 -1 7 -1 3 -1 4 -1 2 -1 9 -1 10 -1 -2
4 -1 9 -1 2 -1 7 -1 1 -1 3 -1 6 -1 5 -1 10 -1 26 -1 18 -1 -2
7 -1 6 -1 4 -1 5 -1 2 -1 8 -1 3 -1 9 -1 10 -1 1 -1 12 -1 15 -1 13 -1 14 -1 17 -1 11 -1 16 -1 25 -1 21 -1 26 -1 22 -1 23 -1 24 -1 20 -1 18 -1 19 -1 27 -1 32 -1 29 -1 31 -1 30 -1 28 -1 -2
2 -1 5 -1 1 -1 6 -1 3 -1 7 -1 8 -1 9 -1 10 -1 4 -1 17 -1 11 -1 12 -1 16 -1 14 -1 13 -1 22 -1 23 -1 21 -1 26 -1 19 -1 18 -1 24 -1 25 -1 20 -1 32 -1 29 -1 28 -1 27 -1 31 -1 -2
10 -1 1 -1 6 -1 2 -1 4 -1 5 -1 3 -1 7 -1 9 -1 8 -1 17 -1 16 -1 15 -1 14 -1 13 -1 11 -1 12 -1 20 -1 18 -1 19 -1 26 -1 21 -1 24 -1 25 -1 23 -1 22 -1 27 -1 30 -1 32 -1 29 -1 28 -1 31 -1 -2
10 -1 8 -1 2 -1 7 -1 9 -1 6 -1 5 -1 1 -1 3 -1 4 -1 13 -1 12 -1 16 -1 11 -1 14 -1 15 -1 17 -1 21 -1 22 -1 19 -1 25 -1 26 -1 18 -1 23 -1 24 -1 -2
6 -1 4 -1 7 -1 10 -1 5 -1 2 -1 3 -1 1 -1 9 -1 8 -1 13 -1 17 -1 15 -1 16 -1 11 -1 14 -1 19 -1 21 -1 22 -1 25 -1 23 -1 20 -1 18 -1 24 -1 26 -1 31 -1 28 -1 27 -1 29 -1 30 -1 32 -1 -2
3 -1 10 -1 2 -1 9 -1 7 -1 4 -1 8 -1 6 -1 1 -1 5 -1 13 -1 17 -1 12 -1 11 -1 16 -1 15 -1 23 -1 19 -1 20 -1 25 -1 18 -1 26 -1 22 -1 24 -1 21 -1 32 -1 31 -1 30 -1 29 -1 27 -1 28 -1 -2
8 -1 1 -1 7 -1 3 -1 9 -1 4 -1 2 -1 5 -1 10 -1 6 -1 13 -1 17 -1 14 -1 15 -1 11 -1 16 -1 12 -1 22 -1 18 -1 23 -1 26 -1 24 -1 20 -1 19 -1 21 -1 25 -1 32 -1 29 -1 27 -1 28 -1 30 -1 31 -1 -2
7 -1 10 -1 2 -1 4 -1 9 -1 3 -1 5 -1 6 -1 8 -1 1 -1 11 -1 13 -1 16 -1 14 -1 12 -1 15 -1 17 -1 20 -1 19 -1 18 -1 22 -1 21 -1 24 -1 23 -1 26 -1 25 -1 28 -1 27 -1 32 -1 31 -1 30 -1 29 -1 -2
9 -1 7 -1 1 -1 8 -1 3 -1 2 -1 10 -1 4 -1 5 -1 6 -1 15 -1 12 -1 13 -1 17 -1 14 -1 16 -1 11 -1 23 -1 25 -1 18 -1 22 -1 21 -1 20 -1 26 -1 19 -1 24 -1 30 -1 32 -1 27 -1 28 -1 31 -1 29 -1 -2
6 -1 4 -1 10 -1 1 -1 2 -1 5 -1 9 -1 3 -1 8 -1 7 -1 -2
6 -1 8 -1 4 -1 9 -1 5 -1 2 -1 1 -1 7 -1 3 -1 10 -1 11 -1 12 -1 15 -1 13 -1 14 -1 17 -1 16 -1 25 -1 18 -1 22 -1 19 -1 26 -1 20 -1 23 -1 24 -1 21 -1 29 -1 32 -1 31 -1 27 -1 28 -1 30 -1 -2
4 -1 30 -1 31 -1 27 -1 29 -1 32 -1 28 -1 -2
10 -1 6 -1 4 -1 2 -1 9 -1 7 -1 8 -1 3 -1 1 -1 5 -1 13 -1 15 -1 17 -1 12 -1 11 -1 16 -1 14 -1 19 -1 26 -1 23 -1 18 -1 24 -1 22 -1 21 -1 25 -1 20 -1 32 -1 27 -1 31 -1 30 -1 28 -1 29 -1 -2
6 -1 4 -1 1 -1 2 -1 7 -1 9 -1 5 -1 8 -1 3 -1 10 -1 15 -1 14 -1 17 -1 12 -1 11 -1 13 -1 22 -1 19 -1 23 -1 25 -1 26 -1 20 -1 18 -1 21 -1 24 -1 32 -1 28 -1 27 -1 31 -1 30 -1 29 -1 -2
1 -1 10 -1 3 -1 9 -1 7 -1 4 -1 2 -1 6 -1 5 -1 8 -1 12 -1 11 -1 13 -1 17 -1 16 -1 14 -1 15 -1 22 -1 25 -1 19 -1 21 -1 18 -1 20 -1 26 -1 24 -1 23 -1 28 -1 29 -1 27 -1 31 -1 32 -1 30 -1 -2
5 -1 1 -1 9 -1 8 -1 7 -1 2 -1 3 -1 10 -1 15 -1 13 -1 17 -1 11 -1 14 -1 16 -1 12 -1 23 -1 19 -1 21 -1 25 -1 24 -1 22 -1 26 -1 20 -1 18 -1 28 -1 32 -1 27 -1 -2
5 -1 2 -1 1 -1 10 -1 3 -1 7 -1 9 -1 4 -1 8 -1 6 -1 14 -1 15 -1 12 -1 17 -1 11 -1 16 -1 13 -1 20 -1 26 -1 19 -1 23 -1 21 -1 25 -1 22 -1 18 -1 24 -1 30 -1 31 -1 29 -1 28 -1 32 -1 27 -1 -2
1 -1 5 -1 9 -1 2 -1 10 -1 3 -1 7 -1 8 -1 6 -1 4 -1 14 -1 16 -1 11 -1 12 -1 17 -1 13 -1 15 -1 25 -1 18 -1 24 -1 21 -1 20 -1 26 -1 19 -1 22 -1 31 -1 30 -1 27 -1 28 -1 32 -1 -2
4 -1 2 -1 10 -1 1 -1 6 -1 9 -1 8 -1 5 -1 7 -1 3 -1 16 -1 11 -1 15 -1 12 -1 13 -1 17 -1 14 -1 23 -1 26 -1 18 -1 22 -1 24 -1 25 -1 19 -1 20 -1 21 -1 31 -1 32 -1 28 -1 27 -1 29 -1 30 -1 -2
8 -1 6 -1 3 -1 4 -1 1 -1 7 -1 2 -1 10 -1 5 -1 9 -1 11 -1 12 -1 13 -1 14 -1 16 -1 17 -1 15 -1 19 -1 24 -1 21 -1 20 -1 18 -1 23 -1 25 -1 26 -1 22 -1 28 -1 29 -1 31 -1 30 -1 27 -1 32 -1 -2
6 -1 9 -1 3 -1 8 -1 10 -1 2 -1 5 -1 7 -1 1 -1 4 -1 -2
2 -1 10 -1 4 -1 9 -1 3 -1 5 -1 8 -1 6 -1 1 -1 7 -1 11 -1 16 -1 12 -1 15 -1 17 -1 13 -1 14 -1 24 -1 22 -1 21 -1 19 -1 25 -1 20 -1 26 -1 23 -1 18 -1 30 -1 31 -1 27 -1 29 -1 32 -1 28 -1 -2
7 -1 8 -1 1 -1 6 -1 5 -1 2 -1 10 -1 4 -1 9 -1 3 -1 12 -1 15 -1 14 -1 13 -1 11 -1 17 -1 16 -1 26 -1 22 -1 25 -1 23 -1 20 -1 19 -1 18 -1 24 -1 21 -1 32 -1 31 -1 30 -1 27 -1 29 -1 28 -1 -2
15 -1 11 -1 16 -1 17 -1 12 -1 13 -1 14 -1 23 -1 18 -1 26 -1 24 -1 22 -1 25 -1 21 -1 20 -1 19 -1 -2
15 -1 17 -1 13 -1 14 -1 16 -1 11 -1 12 -1 20 -1 25 -1 18 -1 22 -1 21 -1 23 -1 26 -1 19 -1 24 -1 28 -1 31 -1 32 -1 30 -1 27 -1 29 -1 -2
16 -1 15 -1 17 -1 11 -1 13 -1 12 -1 14 -1 21 -1 26 -1 22 -1 23 -1 24 -1 18 -1 20 -1 19 -1 25 -1 28 -1 30 -1 27 -1 32 -1 31 -1 29 -1 -2
11 -1 13 -1 17 -1 21 -1 22 -1 20 -1 18 -1 24 -1 23 -1 26 -1 25 -1 19 -1 29 -1 28 -1 31 -1 27 -1 32 -1 30 -1 -2
26 -1 21 -1 25 -1 24 -1 20 -1 18 -1 23 -1 22 -1 19 -1 27 -1 30 -1 31 -1 29 -1 32 -1 28 -1 -2
20 -1 27 -1 32 -1 28 -1 -2
27 -1 31 -1 28 -1 30 -1 32 -1 -2
